0
0
0
0
0
0
0
0
0
0
0
0
0
0
0
0
0
0
0
0
0
0
0
1
2
1
3
8
4
14
17
28
36
49
59
90
84
105
154
171
210
246
307
347
435
465
519
523
531
562
571
504
525
519
446
423
434
359
286
318
248
262
253
246
227
227
215
221
191
232
208
228
236
204
259
210
242
249
228
247
230
226
230
218
246
232
259
264
276
252
283
294
305
326
355
368
386
409
540
568
575
500
500
498
478
419
391
346
385
284
321
300
328
346
315
360
344
392
381
404
419
433
467
449
486
539
604
603
630
652
629
588
538
470
460
483
460
452
501
569
553
575
594
628
637
659
611
550
496
535
508
604
623
657
672
705
671
688
605
554
501
460
406
363
369
350
357
333
306
279
279
306
327
340
303
311
313
312
262
271
216
204
186
196
147
137
163
157
169
159
179
204
216
207
240
231
248
216
198
191
215
221
216
229
215
203
259
268
258
247
235
230
244
213
156
142
119
91
93
73
47
58
50
40
37
21
17
19
7
5
7
2
2
1
1
1
1
0
0
0
0
1
0
0
0
0
0
0
0
0
0
0
0
0
0
